8271127
8271322
8271325
8271326
8271327
8271328
8271329
8271330
8271331
8271332
8271333
8271334
8271335
8271336
8271337
8271338
8271339
8271340
8271341
8271342
8271343
8271344
8271319
8271346
8271347
8271348
8271349
8271350
8271351
8271352
8271353
8271354
8271355
8271356
8271357
8271358
8271359
8271360
8271361
8271362
8271363
8271364
8271365
8271366
8271367
8271368
8271369
8271370
8271371
8271372
8271373
8271374
8271317
8271320
8271377
8271378
8271379
8271380
8271318
8271382
8271383
8271384
8271385
8271386
8271387
8271388
8271389
8271390
8271391
8271392
8271393
8271394
8271395
8271396
8271397
8271398
8271399
8271400
8271401
8271402
8271403
8271404
8271405
8271406
8271407
8271408
8271409
8271410
8271411
8271412
8271413
8271414
8271415
8271416
8271417
8271418
8271419
8271420
8271421
8271204