909122043
940951043
1053126043
1053650043
1062028043
1063459043
1065757043
1066539043
1082935043
1173397043
1502249043
1503407043
1506748043
1510525043
1513352043
1519757043
1526198043
1528354043
1531546043
1533896043
1551261043
1552650043
1557947043
1558186043
1564561043
1602506043
1616255043
1619222043
1702072043
1702131043
1740673043
1741539043
1741648043
1741649043
1742353043
1742701043
1742965043
1743977043
1744029043
1744557043
1744635043
1747330043
1748289043
1748755043
1756922043
1763097043
1763100043
1763103043
1764077043
1764570043
1764578043
2721010043
2723087043
2723148043
2729239043
2734926043
2735413043
2736632043
2736757043
2738032043
2739299043
2741481043
2745849043
2748261043
2748671043
2749361043
2749367043
2749369043
2749871043
2750638043
2750899043
2752194043
2753654043
2874866043
2874948043
2875254043
2876203043
2876909043
2877879043
2877880043
2877882043
2878066043
2886976043
2887615043
2888367043
2888445043
2888934043
2890200043
2891397043
2891405043
2893055043
2893070043
2893261043
2894531043
2895586043
2895713043
2897271043
2898051043
2914794043
2918260043
2919017043
2919427043
2919668043
2920385043
2920388043
2921310043
2925137043
2927702043
2927712043
2929634043
2940347043
2940569043
2940928043
2941194043
2942232043
2942692043
2942936043
2943084043
2943905043
2945130043
2946232043
2946737043
2947824043
2950092043
2950118043
2951492043
2967301043
2967387043
2969929043
2970270043
2970318043
2970499043
2970714043
2971386043
2971584043
2972482043
2975193043
2975820043
2976251043
2976798043
2978304043
2982970043
2987360043
2995218043
2995716043
2998931043
3005619043
3005620043
3005622043
3005623043
3005634043
3010541043
3015557043
3017410043
3019334043
3019335043
3019350043
3019512043
3019799043
3019870043
3022917043
3023930043
3106794043
3107040043
3108447043
3108658043
3109440043
3109442043
3109452043
3109974043
3109989043
3110568043
3110623043
3111398043
3111427043
3112338043
3112339043
3112988043
3113295043
3114613043
3125379043
3125716043
3126517043
3126528043
3127140043
3127142043
3127362043
3127365043
3127963043
3128461043
3128716043
3129261043
3129303043
3129947043
3130186043
3131040043
3131518043
3134019043
3134297043
3134312043
3134625043
3135016043
3135149043
3135759043
3135767043
3138425043
3138545043
3147221043
3150616043
3159737043
3162457043
3162475043
3162477043
3165833043
3165919043
3166080043
3169788043
3174519043
3176283043
3178540043
3181421043
3183529043
3199554043
3202924043
3219243043
3239942043
3241162043
3241984043
3244093043
3244906043
3245244043
3245351043
3246039043
3246444043
3249765043
3250166043
3254130043
3266560043
3270248043
3272236043
3274199043
3274368043
3275666043
3275669043
3283832043
3302236043
3303444043
3308067043
3308129043
3308428043
3309262043
3309425043
3314255043
3316892043
3320299043
3323083043
3326234043
3332412043
3332553043
3357855043
3391986043
3392186043
3393224043
3394251043
3399392043
3399402043
3409503043
3501750043
3502212043
3502389043
3502472043
3503088043
3503484043
3503607043
3505579043
3505872043
3505956043
3506298043
3506758043
3506834043
3514574043
3516169043
3517631043
3518067043
3518100043
3518229043
3522160043
3522243043
3523818043
3525541043
3527087043
3527093043
3528597043
3529841043
3534089043
3534222043
3535113043
3535806043
3536236043
3537715043
3539510043
3542428043
3542440043
3542441043
3543693043
3546810043
3554383043
3555763043
3556026043
3556584043
3557195043
3560110043
3562813043
3562904043
3564057043
3565114043
3578919043
3581719043
3602215043
3672956043
3740110043
3742511043
3743320043
3744265043
3746486043
3746848043
3747604043
3748005043
3748640043
3748732043
3752175043
3756965043
3758233043
3794228043
3811173043
3811811043
3811975043
3825714043
3826848043
3827256043
3827498043
3828514043
3828595043
3828750043
3830900043
3832080043
3832828043
3833125043
3833550043
3833571043
3833578043
3834767043
3835229043
3835268043
3837118043
3838306043
3839080043
3850758043
3855489043
3856215043
3856780043
3856797043
3857631043
3873322043
3873324043
3873329043
3875417043
3958807043
3959215043
3959344043
3966706043
3973631043
3974283043
3974727043
3974812043
3974813043
3974904043
3975090043
3975114043
3975180043
3975724043
3975917043
3975969043
3977366043
3977504043
3977509043
3980900043
3982116043
3982185043
3982314043
3983182043
3983501043
3983678043
3985274043
3992355043
3996247043
3998732043
3998849043
3999804043
4001038043
4001487043
4001501043
4001539043
4005288043
4005524043
4006189043
4009068043
4009569043
4010578043
4014200043
4022752043
4023367043
4024635043
4026795043
4027796043
4027873043
4029212043
4030169043
4031073043
4033977043
4035004043
4036519043
4046157043
4047125043
4047206043
4048373043
4048982043
4049410043
4050502043
4050528043
4050808043
4050966043
4051433043
4054283043
4055562043
4056126043
4056641043
4057183043
4057296043
4059203043
4059336043
4061183043
4070668043
4073599043
4077942043
4081202043
4087896043
4091662043
4094404043
4168207043
4169230043
4169331043
4169562043
4169582043
4169608043
4169746043
4169747043
4170650043
4170719043
4170924043
4171621043
4172987043
4173121043
4173572043
4174095043
4175595043
4184153043
4184311043
4184528043
4185146043
4185252043
4185988043
4187586043
4187758043
4188185043
4192019043
4193549043
4194257043
4194745043
4195274043
4208444043
4210719043
4212138043
4214689043
4214888043
4217431043
4218895043
4222404043
4222415043
4222735043
4225998043
4230735043
4232580043
4232660043
4233894043
4234979043
4235306043
4237627043
4239446043
4240642043
4240833043
4241749043
4244631043
4244644043
4244645043
4244649043
4244672043
4244685043
4246091043
4258118043
4259502043
4259806043
4260730043
4261513043
4261740043
4261829043
4262675043
4264953043
4264970043
4265522043
4266515043
4267087043
4267551043
4268127043
4268405043
4269353043
4270464043
4272050043
4290386043
4292148043
4292239043
4292688043
4292719043
4292721043
4293305043
4293559043
4293700043
4295882043
4295883043
4296093043
4296842043
4300690043
4311462043
4311463043
4316285043
4394213043
4394581043
4394585043
4395576043
4395617043
4395782043
4395897043
4395932043
4396651043
4397499043
4397647043
4398131043
4398397043
4398722043
4398728043
4399108043
4400347043
4407417043
4412200043
4413231043
4413521043
4417242043
4417327043
4417800043
4418113043
4422056043
4422113043
4423384043
4426281043
4426294043
4426460043
4427405043
4427841043
4428328043
4439932043
4440053043
4440741043
4444382043
4451285043
4460245043
4460404043
4469609043
4476262043
4477897043
4485906043
4488993043
4489714043
4492882043
4493716043
4494029043
4494154043
4497357043
4497401043
4502369043
4505921043
4518937043
4523528043
4529633043
4533337043
4534004043
4534048043
4542573043
4542586043
4549411043
4549682043
4552163043
4559298043
4560635043
4560732043
4567116043
4570127043
4572881043
4572888043
4573027043
4574647043
4588798043
4599688043
4631509043
4631836043
4632353043
4635337043
4635914043
4636510043
4637551043
4637559043
4637602043
4640485043
4641323043
4642298043
4642498043
4643246043
4643804043
4645923043
4648145043
4653406043
4656279043
4664881043
4665034043
4665588043
4669694043
4669699043
4679612043
4704364043
4704373043
4706881043
4706918043
4706921043
4707807043
4707966043
4712193043
4716306043
4717097043
4717103043
4717104043
4717105043
4726013043
4797252043
4797944043
4798057043
4798402043
4798423043
4798985043
4799140043
4799337043
4801241043
4804148043
4810476043
4810562043
4810589043
4811643043
4811874043
4812168043
4812173043
4812537043
4813372043
4814018043
4814119043
4814293043
4815825043
4820672043
4821370043
4821607043
4821970043
4822311043
4822964043
4824451043
4826871043
4829816043
4838199043
4838511043
4838562043
4839403043
4840088043
4840976043
4841175043
4842157043
4842966043
4843028043
4843348043
4843769043
4847019043
4847839043
4848033043
4848452043
4850442043
4851296043
4851310043
4855550043
4867848043
4868975043
4873036043
4873836043
4874176043
4876880043
4879413043
4883833043
4885815043
4895109043
4895721043
4896291043
4896403043
4896739043
4900531043
4900782043
4901144043
4901420043
4902594043
4904439043
4904861043
4905721043
4906072043
4909168043
4910368043
4910370043
4910373043
4910374043
4910419043
4912044043
4924512043
4926561043
4926974043
4927078043
4927431043
4927433043
4928032043
4928234043
4928743043
4933106043
4933107043
4933108043
4933110043
4935171043
4938286043
4939289043
4939348043
4940642043
4948795043
4951679043
4954201043
5033499043
5034534043
5034626043
5035328043
5035588043
5036082043
5036126043
5036817043
5036890043
5037171043
5037251043
5038005043
5038402043
5039012043
5039049043
5039054043
5039601043
5039607043
5039881043
5040339043
5044753043
5045356043
5046735043
5054889043
5055728043
5057884043
5060732043
5060739043
5064572043
5081227043
5092284043
5111227043
5114447043
5115269043
5118710043
5137861043
5143064043
5166297043
5183148043
5185382043
5265016043
5265840043
5267082043
5276584043
5291230043
5295405043
5296912043
5299711043
5315709043
5319790043
5323558043
5342455043
5346348043
5347871043
5350366043
5351897043
5353535043
5355713043
5394060043
5490199043
5490965043
5492277043
5515492043
5516848043
5517951043
5521674043
5522019043
5550695043
5552958043
5556862043
5571574043
5578013043
5581202043
5582560043
5586752043
5602419043
5604593043
5632864043
5638037043
5724037043
5727409043
5728064043
5728457043
5728578043
5729445043
5744615043
5745000043
5746883043
5747889043
5749360043
5752566043
5755366043
5775720043
5778938043
5780967043
5784785043
5792699043
5808404043
5809108043
5812300043
5812479043
5816445043
5816849043
5818647043
5818648043
5837525043
5839375043
5840084043
5840369043
5842039043
5845721043
5851587043
5989543043
5992122043
5993985043
5994803043
5996445043
5998179043
5998410043
5999280043
6100288043
6100528043
6121282043
6121354043
6124768043
6124944043
6127946043
6128290043
6128595043
6131184043
6147974043
6150613043
6151454043
6152993043
6159107043
6177055043
6182225043
6184443043
6207829043
6313102043
6314617043
6317764043
6317803043
6333933043
6334255043
6334767043
6346439043
6385101043
6385107043
6386313043
6386579043
6390968043
6391619043
6394056043
6407559043
6410022043
6538619043
6540111043
6541851043
6545443043
6560917043
6561747043
6562020043
6568363043
6568457043
6583102043
6584831043
6585245043
6593295043
6613814043
6618010043
6618995043
6637504043
6686157043
6788129043
6790960043
6806102043
6806163043
6810500043
6839898043
6867176043
6867304043
6868729043
6870564043
6906262043
6906378043
6943838043
7069531043
7072396043
7090297043
7090308043
7093051043
7122982043
7149449043
7149933043
7178601043
7179872043
7180705043
7211321043
7331060043
7377254043
7401612043
7412244043
7437418043
7443452043
7446266043
7463578043
7608858043
7611585043
7617744043
7654413043
7656127043
7659788043
7659902043
7660264043
7663807043
7676800043
7678347043
7683833043
7685282043
7703929043
7732393043
7739699043
7850191043
7865667043
7870454043
7876432043
7877868043
7898095043
7905047043
7923275043
7928841043
7933153043
7935283043
7957558043
7958533043
8001841043
8164251043
8200310043
8260392043
8369245043
8400379043
8415415043
8448886043
8450055043
8471092043
8472236043
8472635043
8518333043
8603004043
8603108043
8603421043
8673014043
8682014043
8706770043
8826830043
8850019043
8869432043
8878338043
8901186043
9072979043
9076429043
9099164043
9102188043
9156900043
9188491043
9211985043
9379980043
9388609043
9390125043
9430698043
9434741043
9485994043
9597131043
9632053043
9681516043
9684561043
9710857043
9834432043
9839723043
9840124043
9889139043
9907207043
9910282043
9953302043
9954389043
9954993043
10127725043
10135311043
10155822043
10159236043
10214267043
10215330043
10263235043
10263819043
10273834043
10410325043
10412461043
10417580043
10442572043
10470093043
10499981043
10525383043
10535734043
10552637043
10689242043
10692675043
10722652043
10752624043
10784140043
10919377043
10923125043
10927003043
10947464043
10993360043
11014872043
11016431043
11020127043
11030381043
11096349043
11227792043
11326358043
11475040043
11571062043
11596456043
11602434043
11602499043
11815978043
11964528043
11964535043
11994609043
11996681043
12018080043
12022440043
12171828043
12192237043
12195295043
12200787043
12238632043
12287347043
12291850043
12316299043
12510324043
12511224043
12512491043
12530036043
12530352043
12536731043
12559365043
12611008043
12753922043
12756035043
12757599043
12775539043
12848199043
12849881043
12900059043
12905296043
12905828043
13048721043
13089498043
13145871043
13162364043
13167155043
13334583043
13438152043
13525590043
13547992043
13553879043
13699578043
13699806043
13724519043
13748021043
13748532043
13804667043
13810966043
13840387043
13939490043
13949148043
13970988043
14027702043
14053187043
14233666043
14247951043
14271656043
14281307043
14283837043
14300016043
14301461043
14303216043
14334968043
14335759043
14335763043
14358237043
14381994043
14443655043
14444152043
14444242043
14462098043
14486146043
14498835043
14514562043
14524398043
14537215043
14538487043
14538808043
14540785043
14552928043
14565644043
14590554043
14654138043
14657256043
14673594043
14684689043
14707197043
14725977043
14728505043
14737665043
14765562043
14891527043
14892319043
14892687043
14895809043
14898454043
14898967043
14914219043
14917752043
14950808043
14952761043
14970766043
14976034043
14977281043
14979089043
14985789043
14985882043
15006567043
15014204043
15023617043
15030474043
15034185043
15046357043
15132024043
15138142043
15149104043
15151485043
15152725043
15155537043
15156111043
15156154043
15163312043
15163325043
15177831043
15182493043
15196603043
15196615043
15204569043
15209274043
15213357043
15229847043
15234416043
15257208043
15336110043
15337357043
15339901043
15348621043
15357669043
15359468043
15364778043
15365412043
15367242043
15380020043
15381164043
15384750043
15392004043
15406859043
15411902043
15412072043
15412193043
15413638043
15415478043
15417130043
15471641043
15471643043
15532348043
15558100043
15563621043
15575604043
15578513043
15581568043
15585301043
15585537043
15588031043
15607050043
15609911043
15625439043
15630288043
15636342043
15638011043
15641177043
15641282043
15657788043
15665176043
15667010043
15676290043
15754500043
15757653043
15774190043
15776042043
15782092043
15782944043
15787093043
15787219043
15805466043
15827450043
15834036043
15836822043
15861503043
15864632043
15870681043
15889148043
15975727043
15978175043
15978206043
15979294043
15985830043
16006702043
16023699043
16028706043
16028782043
16036078043
16053580043
16064972043
16101287043
16101321043
16188588043
16189678043
16192251043
16206252043
16208592043
16214286043
16215163043
16230515043
16231046043
16233404043
16233544043
16233906043
16235488043
16264365043
16277815043
16278996043
16279311043
16279704043
16279787043
16381522043
16381593043
16382050043
16387492043
16388058043
16403621043
16425630043
16426494043
16428143043
16428589043
16429762043
16431228043
16442666043
16448041043
16490657043
16493819043
16518952043
16579063043
16580077043
16603460043
16603928043
16608768043
16609685043
16609984043
16661231043
16681214043
16697479043
16704807043
16717141043
16728169043
16752898043
16780208043
16787017043
16856484043
16861110043
16881676043
16883267043
16886745043
16893696043
16913869043
16938692043
16941851043
16946908043
16996674043
16998916043
17091642043
17092778043
17096950043
17098700043
17099797043
17111067043
17111466043
17114796043
17115321043
17117987043
17139856043
17141470043
17142175043
17142933043
17147713043
17152165043
17170316043
17171018043
17178149043
17190781043
17199022043
17201001043
17571894043
17611695043
17677421043
17679938043
17681862043
17682043043
17685400043
17694759043
17699465043
17705151043
17787647043
17811906043
17890362043
17921811043
17929035043
17987485043
17988939043
17990392043
17991189043
17993067043
17993071043
18002139043
18014256043
18016478043
18025652043
18051050043
18059774043
18067033043
18078655043
18097052043
18107408043
18126985043
18148016043
18154768043
18274648043
18275493043
18280970043
18282679043
18283554043
18287751043
18288267043
18291613043
18301446043
18307133043
18307158043
18310585043
18324891043
18361794043
18366225043
18370357043
18373002043
18389261043
18390073043
18390667043
18392490043
18392864043
18395065043
18399353043
18399649043
18402810043
18406554043
18416166043
18416610043
18421669043
18428152043
18428692043
18448130043
18516019043
18517503043
18518817043
18519749043
18520740043
18522367043
18525473043
18534495043
18555038043
18557375043
18559201043
18568659043
18568739043
18577664043
18578930043
18585333043
18619358043
18626775043
18634455043
18640723043
18688966043
18690246043
18692402043
18707831043
18708540043
18709498043
18710951043
18713402043
18713585043
18714282043
18726465043
18726953043
18731136043
18738466043
18738548043
18739009043
18757832043
18771279043
18776767043
18795102043
18806358043
18809126043
18814304043
18887163043
18902944043
18918002043
18921104043
18941799043
18945617043
18945861043
18946878043
18949925043
18950580043
18951001043
18951965043
18961038043
18961539043
18963624043
18975512043
18976555043
18984609043
18985460043
18986659043
18987133043
18987143043
18990638043
18992057043
19012139043
19018282043
19037277043
19038257043
19098715043
19099890043
19100578043
19101587043
19102327043
19103723043
19104136043
19104828043
19104987043
19112141043
19112146043
19112155043
19112159043
19130220043
19131577043
19133923043
19149590043
19151082043
19153786043
19154512043
19156474043
19156773043
19157725043
19160138043
19178222043
19179832043
19183984043
19193300043
19196712043
19243494043
19245167043
19245846043
19250294043
19250958043
19252689043
19255020043
19263703043
19276462043
19278533043
19288578043
19317196043
19373534043
19374457043
19375740043
19377376043
19379177043
19379382043
19385020043
19402450043
19410105043
19412250043
19417451043
19431735043
19432773043
19441880043
19443035043
19446620043
19530757043
19552637043
19553382043
19655204043
19686330043
19688075043
19726882043
19728193043
19729049043
19808993043
19811623043
19921985043
19924769043
19949913043
19980845043
20033532043
20041454043
20145814043
20149065043
20153161043
20196155043
20288642043
20314690043
20433998043
20482096043
20503596043
20536912043
20537470043
20540607043
20541173043
20681933043
20721332043
20722367043
20722928043
20722929043
20760872043
20782746043
20794514043
20812913043
20825403043
20946136043
20979029043
21025466043
21064610043
21066192043
21081689043
21228910043
21305578043
21307818043
21363837043
21376160043
21397570043
21519351043
21521564043
21571784043
21609016043
21901298043
21904804043
21925274043
21953352043
21982901043
21983964043
22144173043
22144265043
22171224043
22220938043
22309863043
22397384043
22510019043
22905244043
22914749043
22933974043
23007467043
23144490043
23145088043
23174777043
23203849043
23203856043
23206043043
23391011043
23451470043
23511931043
23537056043
23622058043
23684947043
23714442043
23740144043
23882041043
23887241043
23916748043
23917551043
23932658043
23960631043
24154715043
24155894043
24196970043
24200516043
24282181043
24285227043
24389357043
24429795043
24524444043
24530046043
24564046043
24691245043
24702945043
24756665043
24763885043
24825906043
24826005043
24848008043
25074123043
25074601043