8194375
8194382
8194450
8194380
8194381
8194384
8194385
8194390
8194393
8194407
8194409
8194413
8194416
8194417
8194422
8194427
8194421
8194395
8194400
8194410
8194452
8194377
8194378
8194414
8194418
8194424
8194401
8194415
8194423
8194408
8194429
8194366
8194369
8194371
8194387
8194388
8194389
8194453
8194399
8194434
8194386
8194394
8194396
8194397
8194398
8194411
8194402
8194404
8194406
8194420
8194370
8194373
8194374
8194376
8194379
8194383
8194391
8194392
8194405
8194412
8194419
8194425
8194426
8194435
8194451
8194428
8194430
8194431
8194432
8194433
8194436
8194437
8202613
8232127